The in degree of node 2161 is 20
The out degree of node 9658 is 20
Print in layers after BFS:
3027,
7530,8361,9658,2161,2036,3570,8297,458,6470,176,180,1175,154,4650,1718,2156,9063,5374,5442,7798,
Preorder print after BFS:
3027,7530,8361,9658,2161,2036,3570,8297,458,6470,176,180,1175,154,4650,1718,2156,9063,5374,5442,7798
Print in layers after SCC:
0,
7530,
8361,
9658,
3027,
2161,
2036,
3570,
8297,
458,
6470,
176,
180,
1175,
154,
4650,
1718,
2156,
9063,
5374,
5442,
7798,
Preorder print after SCC:
0,7530,8361,9658,3027,2161,2036,3570,8297,458,6470,176,180,1175,154,4650,1718,2156,9063,5374,5442,7798
The in degree of node 5374 is 0
The out degree of node 8297 is 0
The in degree of node 5374 is 0
The out degree of node 1175 is 0
The in degree of node 8361 is 0
The out degree of node 9063 is 0
Print in layers after BFS:
8361,
Preorder print after BFS:
8361
Print in layers after SCC:
0,
7798,5442,5374,9063,2156,1718,4650,154,1175,180,176,6470,458,8297,3570,2036,2161,3027,9658,8361,7530,
Preorder print after SCC:
0,7798,5442,5374,9063,2156,1718,4650,154,1175,180,176,6470,458,8297,3570,2036,2161,3027,9658,8361,7530
The in degree of node 154 is 12
The out degree of node 9658 is 12
The in degree of node 3570 is 14
The out degree of node 3027 is 13
The in degree of node 7530 is 13
The out degree of node 8297 is 13
Print in layers after BFS:
9063,
458,7530,9658,5374,2036,3570,1718,180,7798,3027,4650,176,154,8361,
5442,2156,6470,1175,8297,2161,
Preorder print after BFS:
9063,458,5442,2156,6470,1175,7530,9658,5374,8297,2036,2161,3570,1718,180,7798,3027,4650,176,154,8361
Print in layers after SCC:
0,
7530,
2036,
6470,
3570,
2156,
3027,
458,
180,
1718,
4650,
5442,
9658,
176,
8361,
5374,
154,
1175,
2161,
8297,
7798,
9063,
Preorder print after SCC:
0,7530,2036,6470,3570,2156,3027,458,180,1718,4650,5442,9658,176,8361,5374,154,1175,2161,8297,7798,9063
Print in layers after SCC:
0,
7530,
5374,
176,
8297,
8361,
6470,
2036,
9658,3027,
3570,
7798,
2156,
2161,
4650,458,5442,
9063,
1175,
1718,
154,180,
Preorder print after SCC:
0,7530,5374,176,8297,8361,6470,2036,9658,3570,7798,2156,2161,4650,9063,1175,1718,154,180,458,5442,3027
Print in layers after BFS:
9658,
9063,2036,1718,8361,5374,
7530,4650,154,2161,6470,180,176,8297,1175,5442,3027,3570,
2156,458,
7798,
Preorder print after BFS:
9658,9063,7530,2156,7798,458,4650,154,2161,2036,6470,180,176,8297,1175,5442,1718,3027,3570,8361,5374
The out degree of node 3570 is 7
Print in layers after SCC:
0,
7530,
5374,
176,
8297,
8361,
6470,
2036,
9658,3027,
3570,
7798,
2156,
2161,
4650,458,5442,
9063,
1175,
1718,
154,180,
Preorder print after SCC:
0,7530,5374,176,8297,8361,6470,2036,9658,3570,7798,2156,2161,4650,9063,1175,1718,154,180,458,5442,3027
Print in layers after SCC:
0,
7530,
5374,
176,
8297,
8361,
6470,
2036,
9658,3027,
3570,
7798,
2156,
2161,
4650,458,5442,
9063,
1175,
1718,
154,180,
Preorder print after SCC:
0,7530,5374,176,8297,8361,6470,2036,9658,3570,7798,2156,2161,4650,9063,1175,1718,154,180,458,5442,3027
The in degree of node 6470 is 8
Print in layers after BFS:
1718,
3027,1175,4650,3570,
7530,6470,2036,5374,9063,2161,8297,176,458,8361,9658,
154,2156,180,5442,
7798,
Preorder print after BFS:
1718,3027,7530,154,2156,7798,180,6470,2036,5442,1175,5374,9063,4650,2161,8297,176,458,3570,8361,9658
The out degree of node 6470 is 7
The out degree of node 3027 is 3
The out degree of node 9658 is 6
The in degree of node 1718 is 7
The in degree of node 7530 is 8
Print in layers after BFS:
1175,
5374,9063,6470,
7530,4650,154,2161,1718,180,8361,3570,9658,
2036,2156,458,8297,176,3027,5442,
7798,2283,
Preorder print after BFS:
1175,5374,7530,2036,2156,7798,458,4650,8297,176,2283,9063,154,3027,2161,1718,6470,180,8361,5442,3570,9658
Print in layers after SCC:
0,
7567,4652,6843,7530,2283,
5374,
176,
8297,
8361,
6470,
2036,
9658,3027,
3570,
7798,
2156,
2161,
4650,458,5442,
9063,
1175,
1718,
154,180,
Preorder print after SCC:
0,7567,4652,6843,7530,5374,176,8297,8361,6470,2036,9658,3570,7798,2156,2161,4650,9063,1175,1718,154,180,458,5442,3027,2283
Print in layers after BFS:
7798,
8361,176,3570,458,180,6470,
5442,3027,8297,1175,7530,5374,2156,2283,4650,2161,1718,9658,2036,
154,9063,
Preorder print after BFS:
7798,8361,5442,3027,8297,154,1175,9063,7530,176,5374,2156,2283,3570,4650,2161,1718,9658,458,180,2036,6470
Print in layers after SCC:
0,
7567,4652,6843,7530,2283,
5374,
176,
8297,
8361,
6470,
2036,
9658,3027,
3570,
7798,
2156,
2161,
4650,458,5442,
9063,
1175,
1718,
154,180,
Preorder print after SCC:
0,7567,4652,6843,7530,5374,176,8297,8361,6470,2036,9658,3570,7798,2156,2161,4650,9063,1175,1718,154,180,458,5442,3027,2283
Print in layers after SCC:
0,
7567,4652,6843,7530,2283,
5374,
176,
8297,
8361,
6470,
2036,
9658,3027,
3570,
7798,
2156,
2161,
4650,458,5442,
9063,
1175,
1718,
154,180,
Preorder print after SCC:
0,7567,4652,6843,7530,5374,176,8297,8361,6470,2036,9658,3570,7798,2156,2161,4650,9063,1175,1718,154,180,458,5442,3027,2283
The out degree of node 7567 is 0
Print in layers after BFS:
9063,
5374,7530,4650,154,2161,1718,5442,
2036,2156,8361,458,180,8297,176,3027,3570,1175,6470,
9658,7798,2283,
Preorder print after BFS:
9063,5374,7530,2036,9658,2156,7798,8361,458,180,4650,8297,176,2283,154,3027,3570,2161,1718,1175,5442,6470
Print in layers after SCC:
0,
7567,4652,6843,7530,2283,
5374,
176,
8297,
8361,
6470,
2036,
9658,3027,
3570,
7798,
2156,
2161,
4650,458,5442,
9063,
1175,
1718,
154,180,
Preorder print after SCC:
0,7567,4652,6843,7530,5374,176,8297,8361,6470,2036,9658,3570,7798,2156,2161,4650,9063,1175,1718,154,180,458,5442,3027,2283
The out degree of node 2156 is 7
The in degree of node 2161 is 7
The out degree of node 3570 is 7
The in degree of node 7798 is 1
Print in layers after BFS:
154,
1718,176,3027,3570,
1175,4650,7530,2156,8297,2283,6470,2036,458,8361,2161,9658,
5374,9063,180,7798,5442,
Preorder print after BFS:
154,1718,1175,5374,9063,4650,176,7530,180,2156,7798,8297,2283,3027,6470,2036,5442,3570,458,8361,2161,9658
The in degree of node 2161 is 7
Print in layers after BFS:
2156,
7530,7798,180,6470,458,2161,154,
5374,2036,8361,176,3570,1718,9658,1175,5442,3027,9063,
4650,8297,2283,
Preorder print after BFS:
2156,7530,5374,4650,2036,8297,8361,7798,176,2283,3570,180,1718,6470,9658,1175,458,5442,3027,2161,9063,154
The in degree of node 5374 is 5
The in degree of node 4268 is 0
The out degree of node 2283 is 0
Print in layers after BFS:
1718,
3027,1175,4650,3570,
7530,6470,2036,5374,9063,2161,8297,176,458,8361,9658,
154,2156,180,5442,2283,
7798,
Preorder print after BFS:
1718,3027,7530,154,2156,7798,180,6470,2036,5442,1175,5374,9063,4650,2161,8297,176,2283,458,3570,8361,9658
Print in layers after SCC:
0,
4268,6596,7567,4652,6843,7530,2283,
5374,
1175,
8297,
176,
5442,
458,
3570,
7798,
2156,
2161,
4650,
9063,
9658,
2036,
180,
6470,
3027,
8361,1718,
154,
Preorder print after SCC:
0,4268,6596,7567,4652,6843,7530,5374,1175,8297,176,5442,458,3570,7798,2156,2161,4650,9063,9658,2036,180,6470,3027,8361,1718,154,2283
The out degree of node 458 is 4
The in degree of node 1175 is 5
Print in layers after SCC:
0,
2964,6596,7567,4652,6843,7530,2283,
5374,
1175,
8297,
176,
5442,
458,
3570,
7798,
2156,
2161,
4650,
9063,
9658,
2036,
180,
6470,
3027,
8361,1718,
154,
Preorder print after SCC:
0,2964,6596,7567,4652,6843,7530,5374,1175,8297,176,5442,458,3570,7798,2156,2161,4650,9063,9658,2036,180,6470,3027,8361,1718,154,2283
Print in layers after BFS:
2283,
Preorder print after BFS:
2283
Print in layers after SCC:
0,
2964,6596,7567,4652,6843,7530,2283,
5374,
1175,
8297,
176,
5442,
458,
3570,
7798,
2156,
2161,
4650,
9063,
9658,
2036,
180,
6470,
3027,
8361,1718,
154,
Preorder print after SCC:
0,2964,6596,7567,4652,6843,7530,5374,1175,8297,176,5442,458,3570,7798,2156,2161,4650,9063,9658,2036,180,6470,3027,8361,1718,154,2283
Print in layers after SCC:
0,
2964,6596,7567,4652,6843,7530,2283,
5374,
1175,
8297,
176,
5442,
458,
3570,
7798,
2156,
2161,
4650,
9063,
9658,
2036,
180,
6470,
3027,
8361,1718,
154,
Preorder print after SCC:
0,2964,6596,7567,4652,6843,7530,5374,1175,8297,176,5442,458,3570,7798,2156,2161,4650,9063,9658,2036,180,6470,3027,8361,1718,154,2283
Print in layers after SCC:
0,
2964,6596,7567,4652,6843,7530,2283,
5374,
1175,
8297,
176,
5442,
458,
3570,
7798,
2156,
2161,
4650,
9063,
9658,
2036,
180,
6470,
3027,
8361,1718,
154,
Preorder print after SCC:
0,2964,6596,7567,4652,6843,7530,5374,1175,8297,176,5442,458,3570,7798,2156,2161,4650,9063,9658,2036,180,6470,3027,8361,1718,154,2283
Print in layers after SCC:
0,
2964,6596,7567,4652,6843,7530,2283,
5374,
1175,
8297,
176,
5442,
458,
3570,
7798,
2156,
2161,
4650,
9063,
9658,
2036,
180,
6470,
3027,
8361,1718,
154,
Preorder print after SCC:
0,2964,6596,7567,4652,6843,7530,5374,1175,8297,176,5442,458,3570,7798,2156,2161,4650,9063,9658,2036,180,6470,3027,8361,1718,154,2283
The in degree of node 6470 is 8
The out degree of node 3570 is 7
Print in layers after SCC:
0,
2964,6596,7567,4652,6843,7530,2283,
5374,
1175,
8297,
176,
5442,
458,
3570,
7798,
2156,
2161,
4650,
9063,
9658,
2036,
180,
6470,
3027,
8361,1718,
154,
Preorder print after SCC:
0,2964,6596,7567,4652,6843,7530,5374,1175,8297,176,5442,458,3570,7798,2156,2161,4650,9063,9658,2036,180,6470,3027,8361,1718,154,2283
The out degree of node 458 is 4
The in degree of node 7567 is 0
Print in layers after BFS:
4652,
Preorder print after BFS:
4652
Print in layers after BFS:
1175,
5374,9063,6470,
7530,4650,2161,1718,5442,180,8361,3570,9658,
154,2036,2156,458,8297,176,3027,
7798,2283,
Preorder print after BFS:
1175,5374,7530,154,2036,2156,7798,458,4650,8297,176,2283,9063,2161,1718,3027,5442,6470,180,8361,3570,9658
Print in layers after BFS:
5856,
Preorder print after BFS:
5856
Print in layers after BFS:
6843,
Preorder print after BFS:
6843
Print in layers after BFS:
8297,
176,1175,3570,458,4650,9658,
7530,2156,2283,5374,9063,6470,8361,2161,1718,5442,3027,2036,
154,180,7798,6843,
Preorder print after BFS:
8297,176,7530,154,180,2156,7798,2283,1175,5374,9063,6470,3570,8361,2161,1718,458,5442,3027,6843,4650,9658,2036
Print in layers after SCC:
0,
5638,5856,2964,6596,7567,4652,7530,6843,2283,
5374,
1175,
8297,
176,
5442,
458,
3570,
7798,
2156,
2161,
4650,
9063,
9658,
2036,
180,
6470,
3027,
8361,1718,
154,
Preorder print after SCC:
0,5638,5856,2964,6596,7567,4652,7530,5374,1175,8297,176,5442,458,3570,7798,2156,2161,4650,9063,9658,2036,180,6470,3027,8361,1718,154,6843,2283
The out degree of node 3570 is 7
The out degree of node 5442 is 5
The out degree of node 176 is 4
The out degree of node 2161 is 4
Print in layers after SCC:
0,
4217,9688,5638,5856,2964,6596,7567,4652,7530,6843,2283,
5374,
1175,
8297,
176,
5442,
2036,
9658,
3570,
7798,
2156,
2161,
4650,
9063,1718,
154,6470,
458,3027,
8361,
180,
Preorder print after SCC:
0,4217,9688,5638,5856,2964,6596,7567,4652,7530,5374,1175,8297,176,5442,2036,9658,3570,7798,2156,2161,4650,9063,1718,154,6470,458,3027,8361,180,6843,2283
The in degree of node 6470 is 7
Print in layers after BFS:
7567,
8361,
3027,8297,1175,180,176,7530,
6470,2036,6843,3570,458,9658,5374,9063,2156,2283,154,
2161,1718,5442,4650,7798,
Preorder print after BFS:
7567,8361,3027,6470,2161,1718,2036,5442,6843,8297,3570,4650,458,9658,1175,5374,9063,180,176,2156,7798,2283,7530,154
Print in layers after BFS:
1718,
3027,1175,4650,3570,
7530,6470,2036,6843,2161,5374,9063,8297,176,458,8361,9658,
154,2156,180,5442,2283,
7798,
Preorder print after BFS:
1718,3027,7530,154,2156,7798,180,6470,2036,5442,6843,2161,1175,5374,9063,4650,8297,176,2283,458,3570,8361,9658
Print in layers after BFS:
2161,
2156,8361,9063,3570,
7530,7798,180,6470,458,154,3027,8297,1175,176,4650,1718,5442,9658,
5374,2036,6843,2283,
Preorder print after BFS:
2161,2156,7530,5374,2036,7798,180,6470,458,154,8361,3027,6843,8297,1175,176,2283,9063,4650,1718,5442,3570,9658
Print in layers after SCC:
0,
5296,4217,9688,5638,2964,6596,7567,4652,7530,6843,2283,5856,
5374,
1175,
8361,
6470,180,
5442,
2036,
9658,
3570,
8297,
176,
154,
2156,
2161,
4650,458,3027,
9063,1718,7798,
Preorder print after SCC:
0,5296,4217,9688,5638,2964,6596,7567,4652,7530,5374,1175,8361,6470,5442,2036,9658,3570,8297,176,154,2156,2161,4650,9063,1718,458,7798,3027,180,6843,2283,5856
Print in layers after BFS:
6843,
4217,
Preorder print after BFS:
6843,4217
The in degree of node 9688 is 0
The out degree of node 9658 is 6
The out degree of node 5442 is 5
The in degree of node 5856 is 2
Print in layers after BFS:
3027,
7530,6470,2036,6843,2161,
154,5374,2156,8361,458,180,3570,9658,1175,176,8297,5442,4217,9063,5856,
1718,4650,7798,2283,
Preorder print after BFS:
3027,7530,154,1718,5374,4650,2156,7798,8361,458,180,6470,3570,9658,1175,2036,176,2283,8297,5442,6843,4217,2161,9063,5856
The in degree of node 9063 is 4
The in degree of node 3570 is 6
Print in layers after SCC:
0,
5572,2715,5296,9688,5638,2964,6596,4652,7567,7530,6843,4217,2283,5856,
5374,
1175,
8361,
6470,180,
5442,
2036,
9658,
3570,
8297,
176,
154,
2156,
2161,
4650,458,3027,
9063,1718,7798,
Preorder print after SCC:
0,5572,2715,5296,9688,5638,2964,6596,4652,7567,7530,5374,1175,8361,6470,5442,2036,9658,3570,8297,176,154,2156,2161,4650,9063,1718,458,7798,3027,180,6843,4217,2283,5856
Print in layers after BFS:
2283,
Preorder print after BFS:
2283
The out degree of node 2161 is 6
The out degree of node 5638 is 2
The in degree of node 6843 is 0
Print in layers after BFS:
176,
7530,2156,8297,2283,
154,5374,2036,8361,458,180,7798,6470,2161,3570,9658,
1718,3027,4650,9063,1175,5442,5856,
Preorder print after BFS:
176,7530,154,1718,3027,5374,4650,9063,2036,1175,5442,8361,458,180,2156,7798,6470,2161,5856,8297,3570,9658,2283
The in degree of node 5442 is 2
Print in layers after BFS:
9688,
Preorder print after BFS:
9688
The out degree of node 5572 is 0
The out degree of node 2964 is 0
Print in layers after BFS:
3217,
Preorder print after BFS:
3217
The in degree of node 9688 is 0
Print in layers after BFS:
5638,
458,
2161,3027,8361,
2156,9063,3570,5856,2283,7530,6470,2036,8297,1175,180,176,
7798,154,4650,1718,5442,9658,5374,
Preorder print after BFS:
5638,458,2161,2156,7798,154,9063,4650,1718,5442,3570,9658,5856,2283,3027,7530,5374,6470,2036,8361,8297,1175,180,176
Print in layers after BFS:
9688,
Preorder print after BFS:
9688
The out degree of node 6133 is 0
Print in layers after SCC:
0,
1950,6178,3217,6133,6526,5572,2715,5296,9688,5638,6596,4652,7567,6843,4217,7530,2283,5856,
5374,
1175,
8361,
6470,180,
5442,
2036,
9658,
3570,
8297,
176,
154,
2156,
2161,
4650,458,3027,
9063,1718,7798,
Preorder print after SCC:
0,1950,6178,3217,6133,6526,5572,2715,5296,9688,5638,6596,4652,7567,6843,4217,7530,5374,1175,8361,6470,5442,2036,9658,3570,8297,176,154,2156,2161,4650,9063,1718,458,7798,3027,180,2283,5856
Print in layers after BFS:
6470,
180,8361,2161,3570,9658,1175,
3027,8297,176,7530,2156,9063,5856,2283,458,4650,1718,2036,5374,
154,7798,5442,
Preorder print after BFS:
6470,180,8361,3027,8297,176,7530,154,2161,2156,7798,9063,5442,5856,2283,3570,458,4650,1718,9658,2036,5374,1175
The in degree of node 2161 is 7
The out degree of node 3240 is 0
Print in layers after SCC:
0,
3240,1950,6178,3217,6133,6526,2715,5296,9688,5638,6596,4652,7567,6843,7530,2283,5572,5856,4217,
5374,
1175,
8361,
6470,180,
5442,
2036,
9658,
3570,
8297,
176,
154,
2156,
2161,
4650,458,3027,
9063,1718,7798,
Preorder print after SCC:
0,3240,1950,6178,3217,6133,6526,2715,5296,9688,5638,6596,4652,7567,6843,7530,5374,1175,8361,6470,5442,2036,9658,3570,8297,176,154,2156,2161,4650,9063,1718,458,7798,3027,180,2283,5572,5856,4217
Print in layers after SCC:
0,
3240,1950,6178,3217,6133,6526,2715,5296,9688,5638,6596,4652,7567,6843,7530,2283,5572,5856,4217,
5374,
1175,
8361,
6470,180,
5442,
2036,
9658,
3570,
8297,
176,
154,
2156,
2161,
4650,458,3027,
9063,1718,7798,
Preorder print after SCC:
0,3240,1950,6178,3217,6133,6526,2715,5296,9688,5638,6596,4652,7567,6843,7530,5374,1175,8361,6470,5442,2036,9658,3570,8297,176,154,2156,2161,4650,9063,1718,458,7798,3027,180,2283,5572,5856,4217
The in degree of node 5296 is 0
Print in layers after BFS:
7567,
8361,
3027,8297,1175,180,176,7530,
2036,2161,3570,458,9658,5374,9063,6470,2156,2283,154,
5442,5856,4650,1718,4217,7798,5572,
3217,
Preorder print after BFS:
7567,8361,3027,2036,5442,2161,5856,8297,3570,4650,1718,458,9658,1175,5374,9063,4217,3217,6470,180,176,2156,7798,2283,5572,7530,154
Print in layers after SCC:
0,
3240,1950,6178,6133,6526,2715,5296,9688,5638,6596,4652,7567,6843,7530,2283,5572,5856,4217,3217,
5374,
1175,
8361,
6470,180,
5442,
2036,
9658,
3570,
8297,
176,
154,
2156,
2161,
4650,458,3027,
9063,1718,7798,
Preorder print after SCC:
0,3240,1950,6178,6133,6526,2715,5296,9688,5638,6596,4652,7567,6843,7530,5374,1175,8361,6470,5442,2036,9658,3570,8297,176,154,2156,2161,4650,9063,1718,458,7798,3027,180,2283,5572,5856,4217,3217
Print in layers after BFS:
3570,
458,8361,4650,1718,9658,6470,
2161,3027,8297,1175,180,176,7530,9063,2036,5374,2156,
5856,2283,154,5442,4217,7798,
5572,3217,
Preorder print after BFS:
3570,458,2161,5856,2283,5572,3027,8361,8297,1175,180,176,7530,154,4650,1718,9658,9063,5442,4217,3217,2036,5374,2156,7798,6470
The out degree of node 2715 is 0
Print in layers after SCC:
0,
3240,1950,6178,6133,6526,2715,5296,9688,5638,6596,4652,7567,6843,7530,2283,5572,5856,4217,3217,
5374,
1175,
8361,
6470,180,
5442,
2036,
9658,
3570,
8297,
176,
154,
2156,
2161,
4650,458,3027,
9063,1718,7798,
Preorder print after SCC:
0,3240,1950,6178,6133,6526,2715,5296,9688,5638,6596,4652,7567,6843,7530,5374,1175,8361,6470,5442,2036,9658,3570,8297,176,154,2156,2161,4650,9063,1718,458,7798,3027,180,2283,5572,5856,4217,3217
The out degree of node 5638 is 2
The out degree of node 6526 is 0
Print in layers after SCC:
0,
3240,1950,6178,6133,6526,2715,5296,9688,5638,6596,4652,7567,6843,7530,2283,5572,5856,4217,3217,
5374,
1175,
8361,
6470,180,
5442,
2036,
9658,
3570,
8297,
176,
154,
2156,
2161,
4650,458,3027,
9063,1718,7798,
Preorder print after SCC:
0,3240,1950,6178,6133,6526,2715,5296,9688,5638,6596,4652,7567,6843,7530,5374,1175,8361,6470,5442,2036,9658,3570,8297,176,154,2156,2161,4650,9063,1718,458,7798,3027,180,2283,5572,5856,4217,3217
The out degree of node 2283 is 1
The in degree of node 2156 is 4
Print in layers after SCC:
0,
3240,1950,6178,6133,6526,2715,5296,5638,6596,4652,7567,6843,7530,2283,5572,5856,4217,3217,
5374,
1175,
8361,
6470,180,
5442,
2036,
9658,
3570,
8297,
176,
154,
2156,
2161,
4650,458,3027,
9063,1718,7798,
Preorder print after SCC:
0,3240,1950,6178,6133,6526,2715,5296,5638,6596,4652,7567,6843,7530,5374,1175,8361,6470,5442,2036,9658,3570,8297,176,154,2156,2161,4650,9063,1718,458,7798,3027,180,2283,5572,5856,4217,3217
Print in layers after SCC:
0,
3240,1950,6178,6133,6526,2715,5296,5638,6596,4652,7567,6843,7530,2283,5572,5856,4217,3217,
5374,
1175,
8361,
6470,180,
5442,
2036,
9658,
3570,
8297,
176,
154,
2156,
2161,
4650,458,3027,
9063,1718,7798,
Preorder print after SCC:
0,3240,1950,6178,6133,6526,2715,5296,5638,6596,4652,7567,6843,7530,5374,1175,8361,6470,5442,2036,9658,3570,8297,176,154,2156,2161,4650,9063,1718,458,7798,3027,180,2283,5572,5856,4217,3217
Print in layers after BFS:
5856,
Preorder print after BFS:
5856
The out degree of node 8361 is 6
The out degree of node 4650 is 5
The in degree of node 6470 is 5
The out degree of node 176 is 4
Print in layers after SCC:
0,
6205,3240,6133,6526,2715,5296,5638,6596,4652,7567,6843,7530,4217,3217,2283,5572,
5374,
1175,
8361,
6470,180,
5442,
2036,
9658,1950,
3570,5856,
8297,
176,
154,
2156,
2161,
4650,458,3027,
9063,1718,7798,
Preorder print after SCC:
0,6205,3240,6133,6526,2715,5296,5638,6596,4652,7567,6843,7530,5374,1175,8361,6470,5442,2036,9658,3570,8297,176,154,2156,2161,4650,9063,1718,458,7798,3027,1950,5856,180,4217,3217,2283,5572
Print in layers after SCC:
0,
6205,3240,6133,6526,2715,5296,5638,6596,4652,7567,6843,7530,4217,3217,2283,5572,
5374,
1175,
8361,
6470,180,
5442,
2036,
9658,1950,
3570,5856,
8297,
176,
154,
2156,
2161,
4650,458,3027,
9063,1718,7798,
Preorder print after SCC:
0,6205,3240,6133,6526,2715,5296,5638,6596,4652,7567,6843,7530,5374,1175,8361,6470,5442,2036,9658,3570,8297,176,154,2156,2161,4650,9063,1718,458,7798,3027,1950,5856,180,4217,3217,2283,5572
Print in layers after BFS:
6843,
4217,
3217,
Preorder print after BFS:
6843,4217,3217
The in degree of node 2036 is 4
The out degree of node 2156 is 7
The out degree of node 6526 is 0
Print in layers after SCC:
0,
2972,6205,3240,6133,6526,2715,5296,5638,4652,7567,6843,7530,4217,3217,2283,5572,
5374,
1175,
8361,
6470,180,
5442,
2036,
9658,1950,
3570,5856,
8297,
176,
154,
2156,
2161,
4650,458,3027,
9063,1718,7798,
Preorder print after SCC:
0,2972,6205,3240,6133,6526,2715,5296,5638,4652,7567,6843,7530,5374,1175,8361,6470,5442,2036,9658,3570,8297,176,154,2156,2161,4650,9063,1718,458,7798,3027,1950,5856,180,4217,3217,2283,5572
Print in layers after BFS:
5442,
176,6470,2161,2156,5374,
7530,8297,2283,180,8361,3570,9658,1175,9063,5856,7798,458,154,4650,
2036,5572,3027,1718,4217,1950,
3217,
Preorder print after BFS:
5442,176,7530,2036,8297,2283,5572,6470,180,8361,3027,3570,1718,9658,1175,2161,9063,4217,3217,5856,1950,2156,7798,458,154,5374,4650
The out degree of node 9658 is 6
Print in layers after SCC:
0,
2972,6205,3240,6133,6526,2715,5296,5638,4652,7567,6843,7530,4217,3217,2283,5572,
5374,
1175,
8361,
6470,180,
5442,
2036,
9658,1950,
3570,5856,
8297,
176,
154,
2156,
2161,
4650,458,3027,
9063,1718,7798,
Preorder print after SCC:
0,2972,6205,3240,6133,6526,2715,5296,5638,4652,7567,6843,7530,5374,1175,8361,6470,5442,2036,9658,3570,8297,176,154,2156,2161,4650,9063,1718,458,7798,3027,1950,5856,180,4217,3217,2283,5572
Print in layers after SCC:
0,
2972,6205,3240,6133,6526,2715,5296,5638,4652,7567,6843,7530,4217,3217,2283,5572,
5374,
1175,
8361,
6470,180,
5442,
2036,
9658,1950,
3570,5856,
8297,
176,
154,
2156,
2161,
4650,458,3027,
9063,1718,7798,
Preorder print after SCC:
0,2972,6205,3240,6133,6526,2715,5296,5638,4652,7567,6843,7530,5374,1175,8361,6470,5442,2036,9658,3570,8297,176,154,2156,2161,4650,9063,1718,458,7798,3027,1950,5856,180,4217,3217,2283,5572
Print in layers after BFS:
3570,
458,8361,4650,1718,9658,6470,
2161,3027,8297,1175,180,176,7530,9063,2036,5374,2156,
5856,2283,154,5442,4217,7798,
1950,5572,3217,
Preorder print after BFS:
3570,458,2161,5856,1950,2283,5572,3027,8361,8297,1175,180,176,7530,154,4650,1718,9658,9063,5442,4217,3217,2036,5374,2156,7798,6470
Print in layers after BFS:
1175,
5374,9063,6470,
7530,4650,2161,1718,5442,4217,180,8361,3570,9658,
154,2036,458,8297,176,2156,5856,2283,3027,3217,
7798,1950,5572,
Preorder print after BFS:
1175,5374,7530,154,2036,458,4650,8297,176,9063,2161,2156,7798,5856,1950,2283,5572,1718,3027,5442,4217,3217,6470,180,8361,3570,9658
Print in layers after BFS:
2715,
Preorder print after BFS:
2715
Print in layers after SCC:
0,
2972,6205,3240,6133,6526,2715,5296,5638,4652,7567,6843,7530,4217,3217,2283,5572,
5374,
1175,
8361,
6470,180,
5442,
2036,
9658,1950,
3570,5856,
8297,
176,
154,
2156,
2161,
4650,458,3027,
9063,1718,7798,
Preorder print after SCC:
0,2972,6205,3240,6133,6526,2715,5296,5638,4652,7567,6843,7530,5374,1175,8361,6470,5442,2036,9658,3570,8297,176,154,2156,2161,4650,9063,1718,458,7798,3027,1950,5856,180,4217,3217,2283,5572
The in degree of node 5442 is 2
Print in layers after BFS:
7567,
8361,
3027,8297,1175,180,176,7530,
2036,2161,3570,458,9658,5374,9063,6470,2156,2283,154,
5442,5856,4650,1718,4217,7798,5572,
1950,3217,
Preorder print after BFS:
7567,8361,3027,2036,5442,2161,5856,1950,8297,3570,4650,1718,458,9658,1175,5374,9063,4217,3217,6470,180,176,2156,7798,2283,5572,7530,154
The out degree of node 1718 is 4
Print in layers after BFS:
5572,
Preorder print after BFS:
5572
Print in layers after SCC:
0,
2588,2972,6205,3240,6133,6526,2715,5296,5638,4652,7567,6843,7530,4217,3217,2283,5572,
5374,
1175,
8361,
6470,180,
5442,
2036,
9658,1950,
3570,5856,
8297,
176,
154,
2156,
2161,
4650,458,3027,
9063,1718,7798,
Preorder print after SCC:
0,2588,2972,6205,3240,6133,6526,2715,5296,5638,4652,7567,6843,7530,5374,1175,8361,6470,5442,2036,9658,3570,8297,176,154,2156,2161,4650,9063,1718,458,7798,3027,1950,5856,180,4217,3217,2283,5572
The in degree of node 7530 is 6
Print in layers after SCC:
0,
2588,2972,6205,3240,6133,6526,2715,5296,5638,4652,7567,6843,7530,4217,3217,2283,5572,
5374,
1175,
8361,
6470,180,
5442,
2036,
9658,1950,
3570,5856,
8297,
176,
154,
2156,
2161,
4650,458,3027,
9063,1718,7798,
Preorder print after SCC:
0,2588,2972,6205,3240,6133,6526,2715,5296,5638,4652,7567,6843,7530,5374,1175,8361,6470,5442,2036,9658,3570,8297,176,154,2156,2161,4650,9063,1718,458,7798,3027,1950,5856,180,4217,3217,2283,5572
The in degree of node 5296 is 0
The out degree of node 154 is 4
Print in layers after SCC:
0,
3885,855,2588,2972,6205,3240,6133,6526,2715,5296,5638,4652,7567,6843,7530,4217,3217,2283,5572,
5374,
1175,
8361,
6470,180,
5442,
2036,
9658,1950,
3570,5856,
8297,
176,
154,
2156,
2161,
4650,458,3027,
9063,1718,7798,
Preorder print after SCC:
0,3885,855,2588,2972,6205,3240,6133,6526,2715,5296,5638,4652,7567,6843,7530,5374,1175,8361,6470,5442,2036,9658,3570,8297,176,154,2156,2161,4650,9063,1718,458,7798,3027,1950,5856,180,4217,3217,2283,5572
The in degree of node 5638 is 0
The in degree of node 7530 is 6
The in degree of node 3240 is 0
Print in layers after BFS:
8361,
3027,8297,1175,180,176,7530,
2036,2161,3570,458,9658,5374,9063,6470,2156,2283,154,
5442,5856,4650,1718,4217,7798,5572,
1950,3217,
Preorder print after BFS:
8361,3027,2036,5442,2161,5856,1950,8297,3570,4650,1718,458,9658,1175,5374,9063,4217,3217,6470,180,176,2156,7798,2283,5572,7530,154
The out degree of node 5374 is 3
Print in layers after SCC:
0,
4591,3885,855,2588,2972,6205,3240,6133,6526,2715,5296,5638,7567,4652,6843,7530,4217,3217,2283,5572,
5374,
1175,
8361,
6470,180,
5442,
2036,
9658,1950,
3570,5856,
8297,
176,
154,
2156,
2161,
4650,458,3027,
9063,1718,7798,
Preorder print after SCC:
0,4591,3885,855,2588,2972,6205,3240,6133,6526,2715,5296,5638,7567,4652,6843,7530,5374,1175,8361,6470,5442,2036,9658,3570,8297,176,154,2156,2161,4650,9063,1718,458,7798,3027,1950,5856,180,4217,3217,2283,5572
The in degree of node 5296 is 0
Print in layers after SCC:
0,
4591,3885,855,2588,2972,6205,3240,6133,6526,2715,5296,5638,7567,4652,6843,7530,4217,3217,2283,5572,
5374,
1175,
8361,
6470,180,
5442,
2036,
9658,1950,
3570,5856,
8297,
176,
154,
2156,
2161,
4650,458,3027,
9063,1718,7798,
Preorder print after SCC:
0,4591,3885,855,2588,2972,6205,3240,6133,6526,2715,5296,5638,7567,4652,6843,7530,5374,1175,8361,6470,5442,2036,9658,3570,8297,176,154,2156,2161,4650,9063,1718,458,7798,3027,1950,5856,180,4217,3217,2283,5572
The out degree of node 2283 is 1
The in degree of node 2588 is 0
The out degree of node 154 is 4
Print in layers after SCC:
0,
9112,4591,3885,855,2588,2972,6205,3240,6133,6526,2715,5296,5638,7567,4652,6843,7530,4217,3217,2283,5572,
5374,
1175,
8361,
6470,180,
5442,
2036,
9658,1950,
3570,5856,
8297,
176,
154,
2156,
2161,
4650,458,3027,
9063,1718,7798,
Preorder print after SCC:
0,9112,4591,3885,855,2588,2972,6205,3240,6133,6526,2715,5296,5638,7567,4652,6843,7530,5374,1175,8361,6470,5442,2036,9658,3570,8297,176,154,2156,2161,4650,9063,1718,458,7798,3027,1950,5856,180,4217,3217,2283,5572
The in degree of node 4217 is 2
The in degree of node 2588 is 0
The in degree of node 4591 is 0
The out degree of node 5296 is 1
The in degree of node 2161 is 6
The out degree of node 7530 is 5
Print in layers after SCC:
0,
9228,8453,4591,3885,855,2972,6205,3240,6526,5296,5638,7567,4652,6843,7530,4217,3217,2283,5572,
5374,
1175,
8361,
6470,180,
5442,
2036,
9658,1950,
3570,
8297,
176,
154,
2156,
2161,
4650,458,3027,
9063,1718,7798,6133,
5856,
Preorder print after SCC:
0,9228,8453,4591,3885,855,2972,6205,3240,6526,5296,5638,7567,4652,6843,7530,5374,1175,8361,6470,5442,2036,9658,3570,8297,176,154,2156,2161,4650,9063,1718,458,7798,6133,5856,3027,1950,180,4217,3217,2283,5572
The out degree of node 9658 is 6
The in degree of node 5856 is 1
The in degree of node 458 is 8
Print in layers after SCC:
0,
9228,8453,4591,3885,855,2972,6205,3240,6526,5296,5638,7567,4652,6843,7530,4217,3217,2283,5572,
5374,
1175,
8361,
6470,180,
5442,
2036,
9658,1950,
3570,
8297,
176,
154,
2156,
2161,
4650,458,3027,
9063,1718,7798,6133,
5856,
Preorder print after SCC:
0,9228,8453,4591,3885,855,2972,6205,3240,6526,5296,5638,7567,4652,6843,7530,5374,1175,8361,6470,5442,2036,9658,3570,8297,176,154,2156,2161,4650,9063,1718,458,7798,6133,5856,3027,1950,180,4217,3217,2283,5572
The out degree of node 7798 is 5
Print in layers after BFS:
6526,
Preorder print after BFS:
6526
The in degree of node 6526 is 0
The out degree of node 5572 is 0
The out degree of node 7530 is 5
Print in layers after BFS:
9658,
9063,2036,1718,8361,5374,2156,458,
4650,5442,4217,1175,176,7530,3027,3570,8297,180,7798,6470,2161,154,
3217,2283,5856,
5572,1950,6133,
Preorder print after BFS:
9658,9063,4650,5442,4217,3217,1175,2036,176,2283,5572,7530,1718,3027,3570,8361,8297,180,5374,2156,7798,6470,2161,5856,1950,6133,154,458
